  
“ 1 1 
” 2 2 
… 3 3 
① 4 4 
、 5 5 
。 6 6 
《 7 7 
》 8 8 
一 9 9 10 10 10 
三 11 11 12 12 12 
上 13 13 
不 14 14 15 15 15 
与 16 16 
两 17 17 
中 18 18 19 19 19 
乃 20 20 
之 21 21 22 22 22 23 23 23 
也 24 24 
书 25 25 
人 26 26 27 27 27 28 28 28 
什 29 29 
从 30 30 
他 31 31 
令 32 32 
以 33 33 34 34 34 
价 35 35 
众 36 36 
似 37 37 38 38 38 
体 39 39 
使 40 40 
先 41 41 42 42 42 
其 43 43 44 44 44 
内 45 45 
凸 46 46 
出 47 47 48 48 48 
分 49 49 
则 50 50 
势 51 51 
即 52 52 
历 53 53 54 54 54 
原 55 55 
去 56 56 
又 57 57 
双 58 58 
反 59 59 60 60 60 
史 61 61 
各 62 62 
在 63 63 
处 64 64 
多 65 65 66 66 66 
失 67 67 
如 68 68 
存 69 69 
宾 70 70 
寻 71 71 
导 72 72 
封 73 73 
将 74 74 
尽 75 75 
庞 76 76 77 77 77 
度 78 78 
开 79 79 
强 80 80 
形 81 81 
徐 82 82 
循 83 83 
必 84 84 
怎 85 85 
性 86 86 
情 87 87 
手 88 88 
扬 89 89 
把 90 90 
揭 91 91 
无 92 92 
是 93 93 
晚 94 94 
智 95 95 96 96 96 
有 97 97 
来 98 98 
极 99 99 
模 100 100 
正 101 101 
法 102 102 
特 103 103 
独 104 104 
由 105 105 
的 106 106 
着 107 107 
等 108 108 
系 109 109 
组 110 110 
绝 111 111 
统 112 112 
美 113 113 
而 114 114 115 115 115 
自 116 116 
艺 117 117 
衬 118 118 
被 119 119 
要 120 120 
解 121 121 
误 122 122 
说 123 123 
诸 124 124 
读 125 125 
走 126 126 
身 127 127 
过 128 128 
还 129 129 
这 130 130 
遵 131 131 
那 132 132 
都 133 133 
里 134 134 
重 135 135 
问 136 136 
陪 137 137 
雷 138 138 
， 139 139 
： 140 140 
； 141 141 
？ 142 142 
［ 143 143 
］ 144 144 
